
# PARAMETER SETS
cm = 1.
gpas = 0.0001

gpas_start = 0.00005
gpas_end = 0.00015
gpas_num = 80.

cm_start = 0.5
cm_end = 1.5
cm_num = 100.

gpas_mean = 0.0001
gpas_sig = 0.00002
cm_sig = 0.2
cm_mean = 1

NOISE:
D = 30.
lamb = 0.1
dt = 0.1


The inferred cm value: 0.853535353535
The sharpness of the prior distribution: 0.359393939394
The sharpness of the posterior distribution: 0.157878787879