# PARAMETER SETS
cm = 1.
gpas = 0.0001

gpas_start = 0.00005
gpas_end = 0.00015
gpas_num = 80.

cm_start = 0.5
cm_end = 1.5
cm_num = 200.

gpas_mean = 0.0001
gpas_sig = 0.00002
cm_sig = 0.2
cm_mean = 1

sigma_noise = 7


Result:
The inferred cm value: 0.912060301508
The sharpness of the prior distribution: 35.9296482412
The sharpness of the posterior distribution: 12.1055276382